0.987318754196
1.00454676151
0.907483518124
0.983747005463
0.937006950378
1.05374920368
0.895269572735
0.915580689907
1.01520812511
0.896744549274
0.934799194336
0.833977878094
0.875682532787
0.749147236347
0.805411756039
0.84657651186
0.783288478851
0.768930673599
0.656603336334
0.693966448307
0.620555222034
0.748358428478
0.716515541077
0.638212919235
0.822119653225
0.669770538807
0.563285887241
0.518960177898
0.645126760006
0.676836311817
0.650839030743
0.972136974335
0.718573570251
0.552235066891
0.441625118256
0.732766091824
1.26560783386
1.17386782169
0.852449178696
1.18024277687
0.964327633381
0.904084026814
0.83316463232
1.01550471783
0.972631275654
0.975146591663
0.941426277161
0.678483664989
0.59004086256
0.936518192291
1.05449235439
1.04405868053
1.09145975113
1.10750353336
0.848327159882
1.07201564312
0.931889712811
0.584185898304
0.636870920658
1.0013256073
0.973136126995
0.984881579876
0.874242722988
1.99968492985
1.12131142616
1.06043326855
0.960816860199
0.920742034912
0.848508059978
1.07909488678
0.765070199966
0.528310477734
0.999831020832
0.95457059145
0.527707159519
0.533110439777
1.37576675415
1.02603900433
0.898243188858
0.770297765732
0.610155344009
0.679422080517
0.676140606403
0.37019982934
0.224768877029
0.21897931397
0.241392076015
0.405982524157
1.0836468935
0.393138736486
0.251532554626
0.16500723362
0.25673520565
0.227587103844
0.333540529013
0.270719319582
0.527419090271
0.720908939838
0.309655368328
0.164224386215
0.236847043037
0.223164618015
0.292956680059
0.234722614288
0.181665822864
0.211213886738
0.243808701634
0.345057576895
0.345424205065
0.185961902142
0.232461690903
0.234669879079
0.53153449297
0.552961111069
0.262349247932
0.109570652246
0.158406332135
0.187126204371
0.201251491904
0.194085076451
0.162986204028
0.341841548681
0.674378931522
0.198323920369
0.195000603795
0.202423051
0.233991846442
0.257156103849
0.309852987528
0.303244918585
0.221172258258
0.132680267096
0.166009575129
0.196903720498
0.198230549693
0.188884675503
0.139958932996
0.165376886725
0.213215187192
0.21945361793
0.207608744502
0.274996101856
0.252835899591
0.471228033304
0.284204751253
0.223447278142
0.108530245721
0.0700852498412
0.139341875911
0.14916934073
0.190572604537
0.21056227386
0.496201038361
0.255567163229
0.176072239876
0.218634068966
0.218631312251
0.159729897976
0.189875796437
0.248588502407
0.41356742382
0.242130875587
0.10828281194
0.0671293735504
0.144445642829
0.172869428992
0.187400743365
0.161292746663
0.144194468856
0.365704983473
0.588534593582
0.13275437057
0.174179196358
0.172317624092
0.171343967319
0.228079199791
0.268597602844
0.17375330627
0.0924838408828
0.126062870026
0.189471483231
0.170498654246
0.230259850621
0.151111081243
0.0953028723598
0.18135869503
0.753432750702
0.227851077914
0.149079099298
0.17702306807
0.161047235131
0.328323692083
0.262618243694
0.182095050812
0.109716616571
0.10467428714
0.140293419361
0.128004819155
0.183175250888
0.157532468438
0.123194567859
0.118618287146
0.263804733753
0.144697129726
0.195097729564
0.204104825854
0.147256568074
0.163129791617
0.154883861542
0.50298166275
0.341703563929
0.0542184263468
0.0866113975644
0.124923147261
0.131836339831
0.0989507064223
0.0798444971442
0.144590124488
0.559962213039
0.114798925817
0.105257071555
0.135878443718
0.10849968344
0.15113556385
0.31079235673
0.134427890182
0.164029091597
0.180252209306
0.134043350816
0.112526893616
0.137186408043
0.0935234203935
0.100268580019
0.217819854617
0.517596483231
0.100454390049
0.147099032998
0.169504642487
0.131913691759
0.178669452667
0.145011276007
0.226880863309
0.270933181047
0.0796008035541
0.0762814506888
0.119379937649
0.11449611932
0.0855962410569
0.203482434154
0.43095049262
0.250607520342
0.0873078331351
0.212869331241
0.161254703999
0.119837231934
0.10874889046
0.111323595047
0.0928195640445
0.081011749804
0.0934397578239
0.0592663697898
0.105152018368
0.103673882782
0.0717169195414
0.143785908818
0.523832380772
0.125766769052
0.112879343331
0.255201816559
0.177120104432
0.135854318738
0.129700735211
0.108729876578
0.100155763328
0.0573774278164
0.0816343203187
0.122671313584
0.209894657135
0.108420692384
0.101869277656
0.194572761655
0.296192675829
0.259040683508
0.101618357003
0.138600841165
0.14160181582
0.110614933074
0.118901342154
0.102583087981
0.0867546796799
0.0951116904616
0.0992577672005
0.0511235557497
0.0979208573699
0.0990022942424
0.114657618105
0.0974129214883
0.143496885896
0.0774697363377
0.121996082366
0.155532434583
0.163811907172
0.150719165802
0.129549279809
0.17950719595
0.13971285522
0.0957871004939
0.0704028084874
0.0507855676115
0.096556596458
0.0868793129921
0.0932621285319
0.256875962019
0.305321842432
0.19459117949
0.0838895142078
0.114546485245
0.137096837163
0.105047613382
0.0902659967542
0.095438875258
0.106258682907
0.0931013822556
0.0652819499373
0.0456132739782
0.0947394743562
0.063639305532
0.0765345320106
0.0933021530509
0.252735495567
0.309237092733
0.0681553855538
0.0889194831252
0.146761000156
0.099619962275
0.0979536995292
0.112390458584
0.104662336409
0.0893461480737
0.0508406944573
0.040358800441
0.0833466649055
0.0725035145879
0.083104506135
0.0475683994591
0.143991306424
0.0754249095917
0.116212517023
0.119017921388
0.135843768716
0.117816567421
0.141004949808
0.179336667061
0.0774503946304
0.0470415316522
0.058866571635
0.0860713198781
0.138540685177
0.0614198856056
0.0658090189099
0.089774928987
0.195592403412
0.176944181323
0.0679818093777
0.075342617929
0.129488185048
0.10566713661
0.100267112255
0.155977800488
0.0519798733294
0.0343688391149
0.0484147965908
0.038073670119
0.0839518085122
0.0623682551086
0.0655177384615
0.12974883616
0.152736008167
0.0727189928293
0.0862826928496
0.0769020915031
0.119504652917
0.0659907236695
0.106114886701
0.157041415572
0.0456064641476
0.0217879768461
0.0338221341372
0.0321755520999
0.0791416168213
0.0389580987394
0.0393811576068
0.13175624609
0.30461615324
0.15856526792
0.0517658479512
0.0876843631268
0.108714215457
0.0603152923286
0.064926289022
0.133930593729
0.0547307692468
0.0477009601891
0.0504149980843
0.0305212382227
0.0735945627093
0.0293946117163
0.0309708397835
0.0252495612949
0.0749234482646
0.0535992085934
0.0802172198892
0.323248952627
0.236909464002
0.129429444671
0.0634176805615
0.0620143711567
0.0237914118916
0.0226194616407
0.0301790237427
0.0357400588691
0.0659319758415
0.0299871489406
0.0450951606035
0.0496600680053
0.0806793197989
0.0833489596844
0.0710893273354
0.0598248206079
0.233513593674
0.0999873355031
0.165811821818
0.0844396278262
0.0262854900211
0.025509884581
0.0432397983968
0.0289805028588
0.0490746311843
0.0311759840697
0.0438604652882
0.0986177995801
0.118256978691
0.0790741741657
0.057227563113
0.0375612080097
0.0924757346511
0.0482907705009
0.0756772458553
0.159344702959
0.0227986723185
0.0427511148155
0.0358614958823
0.0269346684217
0.0483303070068
0.0319058075547
0.0798958539963
0.17900390923
0.0821221247315
0.0505665801466
0.066852658987
0.0582499913871
0.0933086499572
0.0376170128584
0.0660082772374
0.0896223410964
0.0477699376643
0.0596240647137
0.0863018929958
0.043872743845
0.0557215213776
0.0294550936669
0.0276496931911
0.0516770333052
0.0597250126302
0.0427629463375
0.0506116636097
0.0563415177166
0.0855205282569
0.0464793480933
0.282314538956
0.205185100436
0.0724695697427
0.0559409074485
0.0583039522171
0.0342541001737
0.0514267981052
0.0370219498873
0.0271860752255
0.0446904934943
0.0592129640281
0.0461193472147
0.054422467947
0.0402507297695
0.0863502323627
0.100677199662
0.170169636607
0.0868752002716
0.0336409769952
0.0563400350511
0.0423122011125
0.0272409263998
0.0479129366577
0.0356575213373
0.0725627169013
0.0954981222749
0.0572700314224
0.0391740687191
0.0418296270072
0.0771035924554
0.314630895853
0.154252484441
0.180652439594
0.0546774379909
0.0257310327142
0.0228841658682
0.02202286385
0.0223926920444
0.0314836390316
0.0263513475657
0.0228093024343
0.0186112541705
0.044727101922
0.0493859648705
0.0675992891192
0.0721306204796
0.0828323289752
0.073722846806
0.213266655803
0.118201650679
0.0188297331333
0.0218245442957
0.0257456749678
0.0232103615999
0.0383647046983
0.0240473616868
0.0247143656015
0.0269949678332
0.0295140687376
0.130259886384
0.108318738639
0.112551957369
0.224957942963
0.0711040496826
0.071468859911
0.0642902106047
0.0450525283813
0.0391094423831
0.0280650313944
0.0258797351271
0.0323724597692
0.030285993591
0.0229289587587
0.0233890656382
0.0535068362951
0.0608383230865
0.0805910006166
0.317265033722
0.10222452879
0.129253998399
0.0793626531959
0.0536224395037
0.0412399470806
0.0302332807332
0.0469773262739
0.0353003963828
0.0384007208049
0.0347585827112
0.0297266840935
0.0623440295458
0.0293745547533
0.0729027763009
0.0513818562031
0.0455279760063
0.230255961418
0.0663692578673
0.0472165308893
0.0557209700346
0.0385397784412
0.0358880646527
0.0154173858464
0.0146994395182
0.0341839678586
0.0306483823806
0.0564592182636
0.0212549101561
0.0381294824183
0.0368756130338
0.0497166924179
0.036198079586
0.0799920856953
0.0544884167612
0.22790928185
0.102147571743
0.0218774080276
0.0192716568708
0.0130226528272
0.0143383070827
0.0232852641493
0.0210102405399
0.0155132673681
0.0345969460905
0.0575767271221
0.0225534383208
0.0420498251915
0.0258459057659
0.0770724490285
0.0261249337345
0.0459125228226
0.068835966289
0.0640702322125
0.0297711640596
0.0123674310744
0.0158878043294
0.0314152725041
0.0232550818473
0.0296903401613
0.042381644249
0.0424736738205
0.123889707029
0.0633415281773
0.0698652043939
0.144111230969
0.0384332425892
0.026204444468
0.0343387983739
0.0195027887821
0.0257319509983
0.0282404813915
0.0224089566618
0.0596868805587
0.0965481773019
0.0605916082859
0.0310644432902
0.0332813858986
0.0213987138122
0.0296895746142
0.0216943994164
0.0608388371766
0.0277125611901
0.0557016916573
0.0651540756226
0.0160386171192
0.0232592877001
0.0196092519909
0.0230397116393
0.0905919596553
0.0655262470245
0.094261944294
0.020925315097
0.0243035256863
0.0320436395705
0.016910482198
0.0188048239797
0.0655003786087
0.0322906970978
0.0170854944736
0.0273420270532
0.0246277768165
0.0242793504149
0.0162404533476
0.0246359501034
0.0406906232238
0.022242680192
0.054644972086
0.166781842709
0.0268645640463
0.0482020974159
0.0206203535199
0.0261548478156
0.0607683174312
0.0353445038199
0.0635760128498
0.058703083545
0.0120383230969
0.0153434341773
0.00977307278663
0.0120766060427
0.0242901518941
0.0336086936295
0.0143271759152
0.0159347001463
0.0326203815639
0.128800794482
0.0207344461232
0.0231563076377
0.0649813041091
0.0302744116634
0.0354155041277
0.028243849054
0.0200953949243
0.0217220876366
0.0195333082229
0.0195807348937
0.055478066206
0.0411072559655
0.0339144803584
0.05469436571
0.0400165244937
0.0415440350771
0.0531370379031
0.0295699145645
0.0527163185179
0.0251664239913
0.0196089353412
0.022741317749
0.01160782855
0.0130101693794
0.0136003820226
0.0245905667543
0.0825771167874
0.0568009503186
0.0836134776473
0.0209259688854
0.0183988809586
0.0155838308856
0.023634204641
0.0141005478799
0.0607146024704
0.0436948277056
0.0280145555735
0.0198291335255
0.0164994616061
0.00953798461705
0.0138758309186
0.010874404572
0.0359409451485
0.0589548237622
0.0328236222267
0.0404372252524
0.0237643700093
0.0390160419047
0.0204966682941
0.0485455580056
0.0892160534859
0.0261965245008
0.0841825306416
0.0262718927115
0.0135420197621
0.0162248462439
0.0155458049849
0.00708918273449
0.0137929851189
0.0142625309527
0.0241829063743
0.0433701686561
0.0473376326263
0.0632510110736
0.048465359956
0.0299691390246
0.0497336797416
0.0238164644688
0.0162409320474
0.0146891959012
0.0123683437705
0.0211162511259
0.0241781454533
0.0280721411109
0.0521394200623
0.0546769164503
0.0235601533204
0.0348011814058
0.0269780158997
0.0306013766676
0.0208576619625
0.0226070526987
0.0546034313738
0.0225187409669
0.048254173249
0.0167546756566
0.00983458478004
0.0296849664301
0.0590409934521
0.0395407304168
0.0522934012115
0.0230913106352
0.0185288097709
0.0122166238725
0.0387702509761
0.0413090288639
0.0339416600764
0.0179419573396
0.0417434386909
0.0425032377243
0.0385085679591
0.0322743095458
0.0134087018669
0.0101803047583
0.0149199729785
0.00944230053574
0.0132790794596
0.0146387359127
0.00980738457292
0.00830994546413
0.0109880240634
0.0500534586608
