0.601280033588
1.3653075695
0.944205641747
0.873759448528
1.08173322678
0.910357952118
1.16610777378
0.918192744255
1.12954699993
1.1152985096
0.4948964715
1.04622864723
0.759416937828
0.871508717537
1.13945877552
1.22598791122
1.03080570698
1.0589684248
1.46649861336
0.644294500351
0.766454339027
1.09872484207
0.729072868824
1.10917055607
0.688589155674
0.982672572136
0.977616786957
1.1855802536
0.966114223003
1.01194238663
0.585653424263
1.09142422676
0.808924853802
0.66534101963
0.892779707909
0.778722703457
0.975015938282
0.563448965549
0.637628078461
0.749526917934
0.258201479912
0.985063791275
0.818168580532
0.653155982494
0.813437700272
0.538537979126
0.30119484663
1.18480801582
0.632867336273
0.823664188385
0.900513887405
0.850502192974
1.01418995857
0.682395339012
0.974410176277
0.808005154133
0.190706640482
0.890406489372
0.436107724905
0.589425444603
0.853069365025
0.901356220245
0.739562094212
0.746898174286
1.22277796268
0.423530697823
0.417520970106
0.909457564354
0.54942971468
1.16612803936
0.677026391029
1.10097801685
0.753075122833
1.4644562006
1.17092001438
1.00942873955
0.505038440228
0.983158171177
0.685910999775
0.515921533108
0.740031182766
0.624549150467
0.931512236595
0.458430707455
0.55616736412
0.664714813232
0.267994135618
0.90191668272
0.735744953156
0.629162549973
0.848276376724
0.909689664841
0.331014096737
1.14920687675
0.426854133606
0.937444329262
0.848352253437
0.663136005402
0.84690785408
0.619243443012
0.856297075748
0.580190718174
0.264814972878
0.821260690689
0.431403458118
0.634436249733
1.0211353302
0.921278178692
0.823727190495
0.83349275589
1.17680120468
0.411000221968
0.428361803293
1.02234709263
0.550312042236
0.848313987255
0.392325550318
0.653973519802
1.29618382454
1.2411288023
0.866866290569
0.839291453362
0.385512322187
0.941063404083
0.642247021198
0.513702988625
0.720274806023
0.616613328457
0.878726959229
0.404978632927
0.531743407249
0.632871985435
0.291976541281
0.834862351418
0.631793618202
0.576065421104
0.755454838276
0.675445497036
0.285381436348
0.978887856007
0.461960226297
0.684950232506
0.715208292007
0.661793828011
0.768001914024
0.699888825417
0.85556024313
0.623370528221
0.241513982415
0.663091301918
0.352508097887
0.557078838348
0.786504209042
0.764180898666
0.711103260517
0.652720630169
1.16153788567
0.340503156185
0.469293892384
1.00680601597
0.503533363342
0.894524157047
0.578315913677
0.579149663448
0.918071389198
1.08107328415
0.777063727379
0.810489416122
0.442712068558
0.905457913876
0.628317058086
0.495920866728
0.698249518871
0.594507396221
0.888642430305
0.431519478559
0.507684648037
0.599386155605
0.301182419062
0.760956048965
0.619614422321
0.534165740013
0.708529353142
0.477818667889
0.297195583582
0.90656286478
0.446997880936
0.664542019367
0.922683477402
0.602617442608
0.788664460182
0.708088219166
0.78006285429
0.628009200096
0.222905725241
0.602264940739
0.354469150305
0.537549972534
0.760031759739
0.73641371727
0.749948859215
0.627683222294
1.06341040134
0.350629270077
0.421298831701
0.812083423138
0.433554142714
0.761752009392
0.409391373396
0.63128554821
1.07247567177
0.992824077606
0.629005134106
0.728282928467
0.405738651752
0.844492316246
0.594066798687
0.483281970024
0.688866138458
0.572969079018
0.90440171957
0.415343284607
0.497497290373
0.591603577137
0.290561765432
0.772416472435
0.647739350796
0.518932402134
0.696642935276
0.465696871281
0.284085839987
0.88435959816
0.454809218645
0.62632381916
0.702252805233
0.60922139883
0.737661838531
0.684564590454
0.838809788227
0.61006706953
0.208108723164
0.583799183369
0.329034358263
0.524835467339
0.730245351791
0.711131751537
0.724981486797
0.643038153648
1.08215773106
0.319362461567
0.419117212296
0.810064911842
0.443199068308
0.71442502737
0.322099417448
0.4791277349
1.00013935566
1.03368258476
0.706833779812
0.692755222321
0.398079454899
0.843912363052
0.596490800381
0.460389524698
0.675653636456
0.561542272568
0.812366425991
0.351689904928
0.470439761877
0.584325015545
0.283750206232
0.785706400871
0.607220470905
0.502227008343
0.696258068085
0.462857216597
0.290276676416
0.87385392189
0.470656245947
0.612087011337
0.639966249466
0.586286842823
0.700976490974
0.680418789387
0.77401804924
0.601465821266
0.202792361379
0.560850203037
0.318629026413
0.514922499657
0.713044524193
0.706755280495
0.711539149284
0.624896585941
1.09991061687
0.318936616182
0.424615979195
0.778770387173
0.451555281878
0.717458665371
0.319493740797
0.442644804716
0.656727015972
0.96032679081
0.765289127827
0.715331554413
0.39489415288
0.843502938747
0.589021086693
0.465899199247
0.672305524349
0.551105976105
0.798752903938
0.354628145695
0.450776875019
0.577532172203
0.291945815086
0.789151966572
0.597873330116
0.490040868521
0.688070833683
0.466566950083
0.295396029949
0.86446762085
0.488481611013
0.575681388378
0.613176286221
0.563814163208
0.69115370512
0.662475943565
0.773667395115
0.592079639435
0.2002132833
0.554698884487
0.317814975977
0.507153630257
0.711787879467
0.700738012791
0.708325743675
0.597954332829
1.03119957447
0.322188347578
0.425501048565
0.716017127037
0.440431326628
0.691194295883
0.320178210735
0.604977965355
1.17363297939
0.863551318645
0.626808106899
0.660188615322
0.376372367144
0.793554842472
0.583667755127
0.471561014652
0.662139117718
0.541027605534
0.789303600788
0.351940453053
0.444105148315
0.577207684517
0.306372791529
0.772750258446
0.584349870682
0.476814121008
0.694951832294
0.472785413265
0.297006249428
0.841410398483
0.537109196186
0.653391063213
0.616711378098
0.546607375145
0.683043658733
0.671303868294
0.680750370026
0.57530516386
0.205645769835
0.550690591335
0.32031044364
0.504362165928
0.705778360367
0.69862395525
0.699224174023
0.531295955181
1.00968492031
0.321422278881
0.434572309256
0.708495259285
0.4424007833
0.667307913303
0.32863047719
0.500961780548
0.923082947731
0.917908489704
0.640138864517
0.689291715622
0.399572610855
0.937471628189
0.586709916592
0.462063610554
0.663316786289
0.532172322273
0.787978649139
0.362846761942
0.437004745007
0.578108727932
0.283881485462
0.773444652557
0.57149964571
0.477468192577
0.693434238434
0.468078196049
0.295289874077
0.868949115276
0.494562119246
0.562142193317
0.560643553734
0.535732626915
0.664764881134
0.653176546097
0.694256544113
0.567615091801
0.204163625836
0.541483402252
0.318848252296
0.500189185143
0.69814658165
0.691837489605
0.693337798119
0.533193469048
1.00902724266
0.326427221298
0.432934850454
0.695881128311
0.443877875805
0.670086205006
0.312537878752
0.4551846385
1.0614682436
0.87408465147
0.627999126911
0.671458661556
0.386264652014
0.854866802692
0.584381461143
0.468907535076
0.664489388466
0.524914562702
0.795199155807
0.361867785454
0.443948745728
0.574478507042
0.305385172367
0.770624697208
0.578467190266
0.460604071617
0.696390092373
0.470827937126
0.301278859377
0.823692262173
0.489200145006
0.539650201797
0.574093341827
0.531627714634
0.661070883274
0.646130621433
0.799958050251
0.606271386147
0.211440160871
0.567160189152
0.323028385639
0.496167600155
0.703377246857
0.693841874599
0.698945760727
0.510090947151
0.991332530975
0.347347438335
0.4442717731
0.665116548538
0.443131536245
0.65166836977
0.319118946791
0.428820639849
0.707481563091
0.874894797802
0.645150244236
0.665774226189
0.397828608751
0.85910230875
0.581013858318
0.464228183031
0.657059311867
0.51110625267
0.773963034153
0.358068555593
0.436397731304
0.580111026764
0.308691740036
0.867053091526
0.566429018974
0.464914292097
0.684110879898
0.481795430183
0.303656965494
0.840035676956
0.514803946018
0.562540531158
0.561958968639
0.524999022484
0.66469848156
0.646334171295
0.653595805168
0.569129765034
0.206877827644
0.539400875568
0.321701139212
0.49484822154
0.693227231503
0.688571333885
0.708678901196
0.56561011076
1.01572012901
0.324112713337
0.440222024918
0.673419713974
0.431876897812
0.642382740974
0.321249365807
0.446213036776
0.792731523514
0.850635230541
0.609160482883
0.690236210823
0.40637370944
1.00218176842
0.595152258873
0.461831182241
0.65798920393
0.515169084072
0.772266685963
0.357988327742
0.423975914717
0.576184034348
0.312615275383
0.76812940836
0.56413769722
0.460742503405
0.689589679241
0.468593299389
0.305740624666
0.817754745483
0.476574361324
0.549359440804
0.5716817379
0.507424414158
0.6640188694
0.644991934299
0.646401226521
0.582969844341
0.202636227012
0.523527085781
0.324523240328
0.488914042711
0.682928860188
0.683186173439
0.682210743427
0.496075183153
0.979043185711
0.353531181812
0.439887344837
0.677738904953
0.448050141335
0.640995919704
0.321777999401
0.461096525192
0.872766554356
0.842415988445
0.610419332981
0.663956224918
0.391612350941
0.86939239502
0.577167868614
0.459737092257
0.655357956886
0.520817160606
0.764893770218
0.360250234604
0.413349270821
0.580834329128
0.313916653395
0.758376181126
0.549009382725
0.45753082633
0.687093794346
0.465181618929
0.302413374186
0.831138372421
0.478629469872
0.565828800201
0.560690522194
0.518350422382
0.659618854523
0.637892723083
0.616372168064
0.580607354641
0.199306532741
0.534148156643
0.316408514977
0.493020653725
0.687424778938
0.681006550789
0.695186853409
0.520414173603
0.973823904991
0.36795347929
0.43668487668
0.696353971958
0.441349953413
0.641087472439
0.323257952929
0.435190439224
0.715174794197
0.900047898293
0.639969468117
0.668839275837
0.395782291889
0.774398565292
0.572147965431
0.459110170603
0.650855302811
0.49995547533
0.760562717915
0.358468621969
0.406357467175
0.583049058914
0.329241573811
0.719821631908
0.579855442047
0.453268140554
0.687133252621
0.463494449854
0.308103591204
0.818064272404
0.498227000237
0.542313218117
0.557245731354
0.502448678017
0.661843955517
0.632469594479
0.623026549816
0.582772493362
0.202371776104
0.532932639122
0.325761377811
0.485385090113
0.682396709919
0.678188562393
0.687442243099
0.497158020735
0.999913692474
0.351971238852
0.437188714743
0.672703027725
0.442316144705
0.636348247528
0.311584979296
0.430111080408
0.674133360386
0.837089538574
0.648016571999
0.637122154236
0.401699513197
0.839915633202
0.574752867222
0.454210579395
0.653281390667
0.508718430996
0.758107304573
0.360901415348
0.408306628466
0.568354547024
0.300302416086
0.788018703461
0.587547004223
0.450135916471
0.684884428978
0.457652896643
0.306294828653
0.825601756573
0.490958869457
0.539087772369
0.559332787991
0.508795320988
0.668980956078
0.643323540688
0.604933202267
0.602816045284
0.198487535119
0.533300638199
0.316826939583
0.484506607056
0.680510401726
0.676184058189
0.678849101067
0.483818501234
0.965826034546
0.356163024902
0.444476932287
0.662159860134
0.465802788734
0.617167413235
0.326986432076
0.500322759151
0.838688790798
0.81730389595
0.622539758682
0.64773362875
0.382667571306
0.840241551399
0.568515062332
0.466497838497
0.648509919643
0.503297567368
0.772008538246
0.367895931005
0.39844712615
0.56828802824
0.311595261097
0.763639450073
0.562932252884
0.450544238091
0.67801374197
0.463510900736
0.306597948074
0.822182238102
0.47036716342
0.535525679588
0.535056710243
0.516200959682
0.661061227322
0.635862648487
0.641930401325
0.580996155739
0.195597156882
0.542488157749
0.481456190348
0.56415450573
0.80573362112
0.788432896137
0.757569074631
0.566350877285
1.06698024273
0.391476124525
0.446763753891
0.709490954876
0.447053462267
0.686691582203
0.315997362137
0.471276938915
0.624757528305
0.857990324497
0.664716660976
0.689627707005
0.397259443998
0.827783346176
0.596682369709
0.478462517262
0.65879458189
0.555726110935
0.797150552273
0.385635465384
0.441746979952
0.57669210434
0.310250848532
0.75940489769
0.619982242584
0.472545862198
0.694674670696
0.465935707092
0.286621034145
0.822939157486
0.444003373384
0.523354947567
0.582513272762
0.527653634548
0.657820522785
0.669030606747
0.645087063313
0.569112598896
0.195947214961
0.547324955463
0.308488130569
0.493520230055
0.702676057816
0.679175496101
0.695694506168
0.502023339272
0.984480082989
0.390930831432
0.445439219475
0.680038392544
0.443218797445
0.628590703011
0.309322953224
0.42670917511
0.669368445873
0.986551761627
0.628975629807
0.698522269726
0.400294721127
0.764754474163
0.565028965473
0.441099703312
0.650772571564
0.495433688164
0.759696781635
0.358818501234
0.412305921316
0.560894906521
0.303576558828
0.747609019279
0.556329250336
0.462406754494
0.677601397038
0.46379378438
0.286268353462
0.821226119995
0.453883856535
0.545071005821
0.631050825119
0.621930599213
0.700939238071
0.692865312099
0.69299608469
0.576896846294
0.183702126145
0.55310934782
0.310287892818
0.521625339985
0.717459738255
0.681236743927
0.709852397442
0.508409023285
0.972879886627
0.404783755541
0.439581334591
0.685295045376
0.420319676399
0.639767587185
0.321183383465
0.428548127413
0.608033120632
0.853186190128
0.589914798737
0.668724894524
0.406149506569
0.795736551285
0.576061189175
0.447309941053
0.645505666733
0.507407009602
0.7613478899
0.363655477762
0.414748221636
0.565612614155
0.30605083704
0.755213856697
0.56335657835
0.457733303308
0.674979865551
0.470945894718
0.290737807751
0.815393269062
0.449690818787
0.530103743076
0.554613828659
0.51865041256
0.63749563694
0.628225207329
0.63193243742
0.554959535599
0.196779727936
0.529752135277
0.305532306433
0.492778211832
0.683227062225
0.663198649883
0.699658155441
0.515875995159
0.968169391155
0.367904216051
0.433373302221
0.691131412983
0.427429705858
0.622898459435
0.331590086222
0.67397749424
0.839187920094
0.845920085907
0.612008988857
0.6310120821
0.386105298996
0.79409211874
0.568813800812
0.454861134291
0.654101967812
0.520861983299
0.753847420216
0.365752726793
0.405751228333
0.573083817959
0.309145182371
0.739000618458
0.561586678028
0.45225828886
0.679999768734
0.467206954956
0.292483210564
0.823387384415
0.443461954594
0.506219565868
0.555549681187
0.51193767786
0.657449185848
0.643300652504
0.645242989063
0.550495445728
0.195396497846
0.530785381794
0.32079783082
0.492603987455
0.694494962692
0.664575338364
0.696965456009
0.503787755966
0.959941029549
0.39989054203
0.444339334965
0.675830900669
0.426566243172
0.606660723686
0.321364015341
0.425417244434
0.648555994034
0.881165027618
0.608001589775
0.693856477737
0.402245789766
0.770011842251
0.570370495319
0.445308238268
0.643077492714
0.486517339945
0.744353652
0.357662051916
0.40155851841
0.558294594288
0.303744494915
0.758084058762
0.558466017246
0.454182863235
0.671406328678
0.466956824064
0.292596668005
0.814366817474
0.471385598183
0.52812486887
0.549859285355
0.490558743477
0.644960463047
0.626700520515
0.649566650391
0.544599473476
0.193058773875
0.533907353878
0.309491306543
0.492441534996
0.687358856201
0.668511986732
0.688122093678
0.48615822196
0.9596965909
0.364553838968
0.446232229471
0.682266950607
0.433540433645
0.600245833397
0.318638712168
0.405590742826
0.62477594614
0.859561145306
0.603804528713
0.66127717495
0.41072678566
0.815282046795
0.569070994854
0.445822477341
0.648590922356
0.495784312487
0.748619377613
0.355083167553
0.39288559556
0.559056222439
0.309873372316
0.763450145721
0.560204029083
0.444990962744
0.66333848238
0.47067412734
0.298193186522
0.815195560455
0.482661813498
0.51886934042
0.552945494652
0.486678361893
0.657394349575
0.625886440277
0.6292937994
0.547436237335
0.198007524014
0.528720498085
0.308472365141
0.483417063951
0.685586214066
0.673946201801
0.684718191624
0.480024337769
0.955813169479
0.359727472067
0.449177861214
0.662467956543
0.445811450481
0.592185974121
0.321828067303
0.41385102272
0.668886780739
0.820658028126
0.585356295109
0.664495229721
0.401554822922
0.868704676628
0.567296504974
0.44846111536
0.648616790771
0.501162588596
0.754395961761
0.351206660271
0.390787959099
0.559561669827
0.309013187885
0.760693371296
0.552235782146
0.439376413822
0.660326182842
0.469830095768
0.304077774286
0.800996184349
0.487327039242
0.50462269783
0.546771287918
0.474588483572
0.664601445198
0.624754667282
0.623914122581
0.548706233501
0.198283314705
0.528464138508
0.309957414865
0.480860263109
0.682343006134
0.671705305576
0.679603397846
0.475461930037
0.9515376091
0.362878501415
0.451434791088
0.661241054535
0.450155705214
0.585712432861
0.323526412249
0.415884256363
0.644738614559
0.808960735798
0.584524512291
0.663187503815
0.399775773287
0.844297945499
0.567817926407
0.450635612011
0.647835254669
0.494783043861
0.749859154224
0.350949466228
0.384793132544
0.561056733131
0.310823827982
0.758718252182
0.551501750946
0.436375975609
0.661487221718
0.474907070398
0.307572245598
0.79816609621
0.494993567467
0.494416415691
0.542804419994
0.474054515362
0.654999792576
0.623125314713
0.614709198475
0.55168825388
0.197416961193
0.524318695068
0.309675455093
0.475861132145
0.674845814705
0.667709410191
0.681369423866
0.478597640991
0.948231518269
0.389205336571
0.450437664986
0.677091121674
0.446126490831
0.596057832241
0.327524274588
0.44269913435
0.635744214058
0.797267973423
0.603935182095
0.650779366493
0.395096629858
0.80464142561
0.563828587532
0.452360749245
0.645072698593
0.479714840651
0.733648598194
0.357757180929
0.377778053284
0.561366379261
0.309887290001
0.748530566692
0.543512701988
0.436496973038
0.656790494919
0.467193514109
0.306272149086
0.799985826015
0.492298722267
0.497846841812
0.535577476025
0.475976288319
0.647907495499
0.624250054359
0.609372615814
0.553018331528
0.196923062205
0.523958027363
0.307058691978
0.472091436386
0.664083719254
0.691086411476
0.660305023193
0.474661409855
0.936796367168
0.357927232981
0.441100686789
0.677989780903
0.44353979826
0.591381251812
0.3265427351
0.416483908892
0.683224737644
0.800669908524
0.587431252003
0.670018970966
0.391787022352
0.798334360123
0.565703392029
0.451270908117
0.64750289917
0.486982941628
0.734247267246
0.352052509785
0.379568010569
0.559848308563
0.305631548166
0.769553244114
0.536868572235
0.438564538956
0.645643830299
0.459867209196
0.303137540817
0.801419496536
0.49034255743
0.495059669018
0.536056756973
0.462028086185
0.663067936897
0.622837483883
0.60966193676
0.552414655685
0.193392157555
0.52755934
0.304536432028
0.474213510752
0.660413920879
0.668525397778
0.662970662117
0.470260888338
0.923666775227
0.374985963106
0.435944736004
0.685831129551
0.437682539225
0.605651319027
0.326766699553
0.429009705782
0.63088285923
0.79171705246
0.588035285473
0.66210860014
0.394371569157
0.805833280087
0.561506152153
0.451987713575
0.644573450089
0.476531893015
0.730597674847
0.354928672314
0.374080657959
0.562104821205
0.307543605566
0.764474928379
0.53827214241
0.435124397278
0.642920553684
0.458320528269
0.305121511221
0.802849113941
0.48649430275
0.490711510181
0.531740903854
0.460626900196
0.660784959793
0.61879336834
0.603764414787
0.556515216827
0.192705973983
0.527564287186
0.304289877415
0.473321378231
0.651066184044
0.671413123608
0.65851598978
0.46885406971
0.915183126926
0.380500614643
0.432793110609
0.684086441994
0.43529009819
0.599858403206
0.329839885235
0.437548458576
0.622957527637
0.770633220673
0.628619492054
0.656465351582
0.388134926558
0.796719193459
0.561061441898
0.453478425741
0.647278010845
0.473510921001
0.728767991066
0.357850253582
0.370173335075
0.558036327362
0.305302262306
0.758899629116
0.535064637661
0.435459315777
0.644906938076
0.457587778568
0.302345097065
0.786277472973
0.487547308207
0.485874980688
0.529170811176
0.461443185806
0.669906914234
0.617797911167
0.606482446194
0.553352713585
0.190280005336
0.533005297184
0.303459644318
0.473512470722
0.659663796425
0.666793525219
0.665618300438
0.46536141634
0.928713858128
0.376747101545
0.438454627991
0.674947977066
0.440252661705
0.577983617783
0.330765336752
0.396719545126
0.602616786957
0.766109228134
0.631132304668
0.653268456459
0.390090435743
0.78219884634
0.556870162487
0.45921766758
0.642856955528
0.471061468124
0.725832879543
0.359519839287
0.370932847261
0.559955298901
0.311724692583
0.775232255459
0.536606609821
0.435828775167
0.640675902367
0.460486382246
0.306902080774
0.792665660381
0.491321057081
0.47499859333
0.529484987259
0.460990488529
0.654050052166
0.620215058327
0.579310655594
0.583369493484
0.189646065235
0.520215988159
0.301188856363
0.467720985413
0.648801267147
0.706309556961
0.672527134418
0.468632668257
0.91775316
0.405181318521
0.430544942617
0.706754624844
0.429350823164
0.602377414703
0.332193464041
0.439058572054
0.582912266254
0.757072389126
0.672563016415
0.604094922543
0.38683617115
0.752934634686
0.55419677496
0.455754160881
0.643674254417
0.465184807777
0.72316724062
0.356221348047
0.363752096891
0.556159198284
0.308679014444
0.769595503807
0.538719236851
0.435700446367
0.63524723053
0.451602369547
0.305740207434
0.802518367767
0.47744384408
0.491207718849
0.535704672337
0.4501747787
0.646505534649
0.608986675739
0.569590985775
0.58866083622
0.187321260571
0.520623981953
0.302807301283
0.462819963694
0.640835046768
0.673751115799
0.688083350658
0.470217883587
0.907720208168
0.368289172649
0.430083245039
0.688249766827
0.436170339584
0.58434599638
0.329252749681
0.402876973152
0.607820749283
0.763282775879
0.61559087038
0.624268472195
0.389981865883
0.77239972353
0.553406596184
0.456655949354
0.641521751881
0.466804087162
0.722680032253
0.354091882706
0.368008106947
0.553860723972
0.305550009012
0.772484362125
0.530697584152
0.43868008256
0.634420514107
0.446259766817
0.300299674273
0.809283077717
0.473699867725
0.51084882021
0.535556793213
0.466259002686
0.64799529314
0.60871720314
0.574269175529
0.58040189743
0.185906022787
0.526252150536
0.300827890635
0.459419071674
0.635886371136
0.675462424755
0.656763374805
0.464620292187
0.896967768669
0.361253291368
0.421336978674
0.697510063648
0.433365255594
0.588171720505
0.332712173462
0.394569844007
0.58846527338
0.746229410172
0.693924129009
0.608244001865
0.387743830681
0.737032532692
0.550978541374
0.462900698185
0.639647364616
0.462923198938
0.715562462807
0.347878336906
0.374872475863
0.552559316158
0.299396246672
0.774764955044
0.528100550175
0.438938230276
0.64634001255
0.447229146957
0.300491482019
0.805255591869
0.467503905296
0.491856455803
0.521319031715
0.476891249418
0.638942658901
0.609273076057
0.561657488346
0.586266756058
0.182076334953
0.538728356361
0.298237323761
0.471238553524
0.670959770679
0.662716984749
0.655110776424
0.471534729004
0.914631485939
0.363641649485
0.42051410675
0.698174715042
0.4230864048
0.596230983734
0.329663038254
0.385105252266
0.5743060112
0.740700244904
0.710131824017
0.597035586834
0.386630296707
0.750254034996
0.54696059227
0.46162006259
0.634580492973
0.460054129362
0.710837423801
0.349267303944
0.365776509047
0.548146545887
0.299651443958
0.771051108837
0.525720059872
0.439612418413
0.636958479881
0.439725875854
0.296198099852
0.794074237347
0.46728438139
0.519503414631
0.530742883682
0.479996949434
0.633487164974
0.611508190632
0.551310896873
0.588887631893
0.177387908101
0.526153922081
0.301402717829
0.466631859541
0.635009169579
0.667900979519
0.653266370296
0.479063808918
0.892667233944
0.390731722116
0.41649889946
0.726390480995
0.422523677349
0.595038175583
0.326434522867
0.396548837423
0.567824602127
0.734579145908
0.699340999126
0.605977237225
0.38501098752
0.736237704754
0.546201765537
0.461866468191
0.636357665062
0.463239699602
0.712004899979
0.347779452801
0.365377962589
0.544863820076
0.293950766325
0.771859109402
0.518459498882
0.444005936384
0.633492708206
0.434689223766
0.297747641802
0.785983741283
0.454045176506
0.463282763958
0.543338894844
0.464939951897
0.645057439804
0.613807439804
0.532832622528
0.56442207098
0.173670306802
0.550452530384
0.297658890486
0.462987661362
0.674141228199
0.667021095753
0.657942414284
0.479751825333
0.89653891325
0.355866730213
0.416235923767
0.706840753555
0.417723089457
0.586536943913
0.323005110025
0.374154210091
0.560324549675
0.733058989048
0.717128753662
0.604052186012
0.381550371647
0.736437022686
0.543406069279
0.467346340418
0.630702912807
0.456428766251
0.709975838661
0.35615631938
0.358399122953
0.558329820633
0.293312191963
0.772341668606
0.509721398354
0.446162462234
0.636481940746
0.437237024307
0.292685627937
0.774600803852
0.450508892536
0.456861943007
0.55434513092
0.464295566082
0.638793647289
0.602933943272
0.529244542122
0.607951760292
0.174429610372
0.539746820927
0.298800110817
0.455023884773
0.634726166725
0.676542818546
0.644453763962
0.479877918959
0.897877514362
0.348140954971
0.409769564867
0.708410024643
0.408433735371
0.593475580215
0.32271695137
0.365120351315
0.566388368607
0.742164433002
0.666223287582
0.617605030537
0.391978651285
0.733747541904
0.543720006943
0.467401593924
0.620693027973
0.451045960188
0.701449871063
0.352239787579
0.380998522043
0.550845265388
0.291882812977
0.765391528606
0.511241436005
0.446294218302
0.633396804333
0.432294160128
0.289367288351
0.779388904572
0.446484714746
0.451724231243
0.563841402531
0.484506577253
0.658923625946
0.606988132
0.540338695049
0.592274546623
0.173703193665
0.540245771408
0.304535537958
0.460156440735
0.630223870277
0.6504778862
0.642253041267
0.478290855885
0.890399754047
0.379454046488
0.404061585665
0.720302522182
0.398557126522
0.60660046339
0.321886092424
0.365970700979
0.557752251625
0.725745856762
0.69976580143
0.580385804176
0.378082931042
0.726602017879
0.543235898018
0.456696391106
0.635742008686
0.455615460873
0.704721093178
0.34257042408
0.371603012085
0.547947943211
0.295221626759
0.78358232975
0.501503944397
0.451429963112
0.628392100334
0.430509746075
0.307471632957
0.769911885262
0.449955433607
0.430122077465
0.584521055222
0.486186563969
0.665842533112
0.597042024136
0.520739018917
0.588382959366
0.173104196787
0.527501285076
0.303954362869
0.459430396557
0.622851729393
0.662419259548
0.641512751579
0.481946915388
0.904983997345
0.385307163
0.40001231432
0.722878873348
0.396090239286
0.605915665627
0.324810057878
0.36306899786
0.54513913393
0.708131492138
0.687356650829
0.56829637289
0.391776204109
0.718592047691
0.554204881191
0.444391697645
0.628400087357
0.448857307434
0.689324975014
0.337580680847
0.378051221371
0.546794950962
0.290379405022
0.783239126205
0.502988815308
0.451086848974
0.627200841904
0.429688870907
0.292796432972
0.775360822678
0.452967047691
0.450321882963
0.561039447784
0.467834472656
0.638251543045
0.582662880421
0.506085216999
0.650944650173
0.168430790305
0.539655983448
0.30669644475
0.4532571733
0.633046388626
0.641600489616
0.659407377243
0.509372472763
0.944813132286
0.339530020952
0.397083848715
0.699088513851
0.397365838289
0.616158604622
0.326014220715
0.357040554285
0.541029155254
0.727368175983
0.669471502304
0.549791872501
0.383442223072
0.687983453274
0.553585350513
0.458839178085
0.612236201763
0.436529248953
0.689927995205
0.332477122545
0.372368305922
0.549890697002
0.290575772524
0.772964179516
0.507062315941
0.453788876534
0.612975478172
0.424637824297
0.291828602552
0.788659453392
0.425193220377
0.440661609173
0.599692821503
0.476170152426
0.636726975441
0.599466562271
0.515680015087
0.574961960316
0.172243714333
0.496819674969
0.301479846239
0.455886930227
0.613585412502
0.644552409649
0.674249172211
0.477941900492
0.8920596838
0.37790375948
0.401923835278
0.695325672626
0.394954025745
0.582548081875
0.326267838478
0.351692795753
0.554898500443
0.722394943237
0.615518510342
0.602789878845
0.372649043798
0.712358236313
0.53036236763
0.463403731585
0.619987547398
0.439290702343
0.708159089088
0.329483181238
0.376931369305
0.571551203728
0.290424227715
0.748193562031
0.532760620117
0.446859180927
0.606334507465
0.408994913101
0.280633896589
0.764192938805
0.459602475166
0.443288445473
0.51493704319
0.451431035995
0.630430221558
0.591880261898
0.548550546169
0.566989123821
0.169785484672
0.533155322075
0.29789981246
0.456804037094
0.633420109749
0.655422151089
0.623985767365
0.430147707462
0.926680326462
0.41317948699
0.407947182655
0.748233854771
0.382153153419
0.604145288467
0.337952882051
0.386887192726
0.570854008198
0.719438493252
0.633124172688
0.593167006969
0.379925340414
0.702116250992
0.549900114536
0.448630690575
0.606405496597
0.443590521812
0.684382259846
0.331736683846
0.393426239491
0.545800387859
0.275420576334
0.775701165199
0.500394582748
0.459071308374
0.607046067715
0.407851040363
0.281278759241
0.790744066238
0.443709641695
0.462521135807
0.52399969101
0.448180705309
0.628693699837
0.581643819809
0.515670061111
0.604896247387
0.17430049181
0.507495284081
0.287109404802
0.456515491009
0.617207050323
0.62873506546
0.682049155235
0.476050883532
0.881959974766
0.36735111475
0.389232873917
0.738509058952
0.389496266842
0.617065727711
0.316965222359
0.36114025116
0.549399077892
0.731264710426
0.743424534798
0.602933585644
0.377669483423
0.654759287834
0.542700707912
0.44235599041
0.60786062479
0.449409663677
0.694835841656
0.325263142586
0.373713046312
0.539497673512
0.308597832918
0.754417896271
0.511797189713
0.44279524684
0.613398194313
0.407688379288
0.279218435287
0.762070775032
0.448580741882
0.469256579876
0.504626512527
0.464582949877
0.612917542458
0.575538158417
0.505186021328
0.567434072495
0.173166185617
0.51487416029
0.290045291185
0.455299824476
0.606748759747
0.616447925568
0.740806818008
0.49376219511
0.910180807114
0.341114580631
0.392147600651
0.724096477032
0.382684260607
0.571201860905
0.318823724985
0.351626962423
0.54698985815
0.701589345932
0.647099733353
0.573100686073
0.371718585491
0.675447404385
0.508812844753
0.438093751669
0.571780979633
0.461779564619
0.717698335648
0.321293473244
0.397587686777
0.582092106342
0.291873902082
0.748210012913
0.526133358479
0.447737008333
0.614128649235
0.414165377617
0.2770357728
0.741902768612
0.451025038958
0.454024672508
0.530724108219
0.455094099045
0.631280064583
0.576859354973
0.496836781502
0.554175615311
0.176161512733
0.477272808552
0.30752825737
0.456288069487
0.604499280453
0.617911934853
0.650326669216
0.419370383024
0.880045711994
0.34597915411
0.377010315657
0.736251831055
0.375840365887
0.592580199242
0.321027994156
0.351740956306
0.554516732693
0.697787225246
0.608068287373
0.607201635838
0.373903542757
0.70051574707
0.541637778282
0.433159917593
0.579378068447
0.434169918299
0.713307142258
0.317699313164
0.374575853348
0.619478821754
0.291755586863
0.751300871372
0.533907294273
0.449888467789
0.616079032421
0.414723992348
0.272650450468
0.751070797443
0.467560738325
0.411765903234
0.503352880478
0.446890443563
0.698361456394
0.573578059673
0.510246634483
0.52813065052
0.154539495707
0.503934681416
0.283044576645
0.446894913912
0.590102016926
0.614397823811
0.682178974152
0.496886074543
0.873270511627
0.346864521503
0.381670832634
0.714563667774
0.369009941816
0.566498398781
0.325775742531
0.346894621849
0.535243630409
0.690304398537
0.601188480854
0.590314149857
0.371827155352
0.663713395596
0.503664374352
0.444415390491
0.603565037251
0.447748720646
0.681315481663
0.290558636189
0.380363374949
0.55299949646
0.304876685143
0.742308139801
0.514390468597
0.471217513084
0.609112739563
0.400008052588
0.259854197502
0.772310197353
0.408219218254
0.385698437691
0.574471235275
0.48453938961
0.637410283089
0.559619188309
0.501415848732
0.530829370022
0.165669366717
0.471697688103
0.272330194712
0.457592844963
0.632832169533
0.610813379288
0.640775203705
0.453407377005
0.87111055851
0.354027599096
0.371705412865
0.737954735756
0.34857994318
0.634174406528
0.303087592125
0.350206375122
0.518768846989
0.661264419556
0.655522286892
0.546247839928
0.363854289055
0.652509987354
0.516113758087
0.462156325579
0.583012402058
0.44205108285
0.6500903368
0.3034055233
0.39168804884
0.542128920555
0.274469286203
0.742532491684
0.466583848
0.469072520733
0.619709193707
0.422010183334
0.288116186857
0.732132136822
0.432008504868
0.449943929911
0.505274355412
0.454151153564
0.600969970226
0.548586070538
0.482559919357
0.568339347839
0.174905046821
0.49340569973
0.281400591135
0.451087415218
0.588067770004
0.620154500008
0.687962174416
0.458056688309
0.868260979652
0.341482758522
0.364841908216
0.759952545166
0.352253913879
0.616053402424
0.302841573954
0.36767333746
0.557857692242
0.705917000771
0.717729568481
0.581350326538
0.378136992455
0.645002961159
0.528944134712
0.453862369061
0.608182132244
0.432757496834
0.681396126747
0.317604243755
0.380882233381
0.546396136284
0.286732703447
0.691900253296
0.482811957598
0.450246095657
0.576583147049
0.436489641666
0.27510112524
0.74645280838
0.380007326603
0.408254116774
0.487140119076
0.470240473747
0.631317436695
0.542187213898
0.512932598591
0.528340518475
0.153641283512
0.536760568619
0.282272577286
0.469348400831
0.650580525398
0.632325351238
0.612652540207
0.423735648394
0.859569728374
0.338613003492
0.358256876469
0.777895450592
0.351776093245
0.604286074638
0.314713269472
0.335294127464
0.514888823032
0.675944149494
0.7394759655
0.58491063118
0.360641300678
0.62764775753
0.558794498444
0.439692080021
0.570561826229
0.403443694115
0.661828100681
0.343060523272
0.362649142742
0.53324919939
0.270779818296
0.693707823753
0.457135766745
0.453775405884
0.601386427879
0.407195806503
0.270853340626
0.729379832745
0.397042632103
0.432592242956
0.492056339979
0.46177482605
0.595999002457
0.553554058075
0.489999860525
0.524141430855
0.162801593542
0.487727761269
0.27840590477
0.442558050156
0.574732720852
0.589424610138
0.64141190052
0.408938139677
0.856524825096
0.402022182941
0.360322594643
0.803812325001
0.34892219305
0.630230545998
0.304114639759
0.332950204611
0.55343157053
0.642790436745
0.547330737114
0.612809360027
0.362847685814
0.626120090485
0.498546510935
0.42628338933
0.556694507599
0.425442159176
0.651277005672
0.382485419512
0.407625705004
0.602844834328
0.276193380356
0.725397408009
0.447690665722
0.480746388435
0.584161758423
0.416494727135
0.273089885712
0.794064879417
0.409317046404
0.437018573284
0.472144633532
0.461844325066
0.585619747639
0.548561811447
0.462965369225
0.624825060368
0.163429439068
0.454530030489
0.285938262939
0.462113916874
0.591866731644
0.592046916485
0.630799949169
0.404932409525
0.813726067543
0.359505832195
0.330071598291
0.853483736515
0.344965338707
0.575613081455
0.296198666096
0.309194296598
0.514759421349
0.628978013992
0.662754833698
0.572696626186
0.341719806194
0.645782530308
0.511999726295
0.404536604881
0.555879235268
0.425240933895
0.656792461872
0.298249214888
0.396540373564
0.536490023136
0.275401353836
0.742815554142
0.433277100325
0.455477535725
0.606267333031
0.397765278816
0.262771725655
0.764416277409
0.400169461966
0.395529329777
0.529914617538
0.378102660179
0.807313859463
0.550264835358
0.493548214436
0.494712293148
0.161557048559
0.506591022015
0.29939314723
0.470718532801
0.647188186646
0.589502155781
0.606356501579
0.438682973385
0.826000511646
0.384554743767
0.336979448795
0.765907883644
0.327404558659
0.602162718773
0.320931255817
0.345405817032
0.50683683157
0.648408830166
0.617523670197
0.519166648388
0.377804160118
0.973107933998
0.805256485939
0.472584843636
0.680804669857
0.536661624908
0.7409465909
0.354642182589
0.415817916393
0.534491121769
0.270339667797
0.747476816177
0.467344582081
0.48140707612
0.635775387287
0.424449622631
0.277188390493
0.777607023716
0.398359984159
0.387327730656
0.517319619656
0.406356960535
0.664914250374
0.542949676514
0.494223326445
0.56090092659
0.166821420193
0.462650537491
0.281313598156
0.440232723951
0.601787567139
0.585090696812
0.604591310024
0.417242467403
0.852192699909
0.331700831652
0.369185298681
0.693196415901
0.327327370644
0.594072759151
0.310402840376
0.300184518099
0.476647675037
0.745546340942
0.668708503246
0.514976680279
0.343548357487
0.642038106918
0.51397818327
0.425336450338
0.544177532196
0.375444173813
0.672470390797
0.349445253611
0.393157124519
0.558697223663
0.285955041647
0.740462660789
0.470872074366
0.479738682508
0.586965322495
0.400009661913
0.269902527332
0.747150421143
0.39609977603
0.443729043007
0.521512508392
0.461628466845
0.624697446823
0.571752727032
0.51622146368
0.504032671452
0.155423998833
0.477910637856
0.284963876009
0.465527951717
0.587565004826
0.595601856709
0.65905725956
0.405261456966
0.829940319061
0.355710297823
0.345666050911
0.743599534035
0.323184818029
0.59421902895
0.281388521194
0.331773608923
0.510401904583
0.683410108089
0.649330914021
0.557362735271
0.39203736186
0.642125546932
0.572467327118
0.402699440718
0.569596350193
0.37121707201
0.702849447727
0.354959458113
0.363963395357
0.593966662884
0.288735359907
0.726034104824
0.432991027832
0.461321800947
0.592441678047
0.414880216122
0.256031125784
0.826829195023
0.400996625423
0.457215189934
0.538063943386
0.425239413977
0.58172929287
0.561189174652
0.533181548119
0.513111889362
0.148712471128
0.482332080603
0.269601672888
0.426662355661
0.559665560722
0.578524231911
0.713317811489
0.408604323864
0.852158308029
0.348093956709
0.37563470006
0.714690566063
0.340487122536
0.609071314335
0.27891266346
0.348453819752
0.517673432827
0.634331047535
0.580505847931
0.532680153847
0.354250103235
0.586728394032
0.529400467873
0.406844645739
0.571299254894
0.417793571949
0.647852838039
0.324293971062
0.365170300007
0.522411584854
0.282498329878
0.717762768269
0.449461966753
0.473113358021
0.586238801479
0.38743892312
0.240455448627
0.740782618523
0.337167620659
0.410720974207
0.594779193401
0.408313065767
0.623216211796
0.574292421341
0.47629660368
0.513234078884
0.144497618079
0.490604221821
0.275109171867
0.433712154627
0.584165751934
0.56295466423
0.597059726715
0.480814963579
0.813259959221
0.336224943399
0.369956701994
0.691502094269
0.362208247185
0.637686014175
0.279386967421
0.331587612629
0.517236948013
0.647781968117
0.660378873348
0.519770681858
0.34379401803
0.567203342915
0.547243595123
0.404858410358
0.544572710991
0.395991235971
0.609270334244
0.338143110275
0.390607714653
0.525515258312
0.275460481644
0.705943703651
0.461201667786
0.45126003027
0.569380164146
0.361785292625
0.254612922668
0.729138612747
0.37710955739
0.368964314461
0.502118766308
0.412220388651
0.570509016514
0.52038371563
0.500287055969
0.477613985538
0.146144598722
0.510433793068
0.247017517686
0.422848552465
0.665377438068
0.6118054986
0.632745206356
0.483223497868
0.822177886963
0.314333468676
0.347538709641
0.71075963974
0.388108938932
0.600452363491
0.275932341814
0.326606363058
0.521243989468
0.681784033775
0.54555284977
0.522221207619
0.343901515007
0.581618070602
0.486933469772
0.397682487965
0.525726914406
0.386895209551
0.673210740089
0.355085939169
0.438280105591
0.510645091534
0.232059195638
0.681732714176
0.475352108479
0.470619916916
0.601923346519
0.444774627686
0.231688290834
0.720706343651
0.364413350821
0.39070507884
0.509956002235
0.453446507454
0.574293613434
0.509466648102
0.518853127956
0.487642645836
0.159515872598
0.488087773323
0.263274639845
0.381197661161
0.561649978161
0.603127241135
0.703566610813
0.40465721488
0.840958416462
0.340375185013
0.338512271643
0.769313514233
0.330121994019
0.529655992985
0.373486936092
0.362399548292
0.469460487366
0.586967170238
0.734944403172
0.532060086727
0.331373304129
0.589735686779
0.506381213665
0.425537139177
0.521567821503
0.418569654226
0.620124101639
0.41592207551
0.369931310415
0.585634589195
0.268266409636
0.677458882332
0.432351648808
0.446701228619
0.557625949383
0.407325297594
0.263032883406
0.669684648514
0.316191375256
0.394778430462
0.551327347755
0.475537955761
0.546037137508
0.520616352558
0.475951075554
0.483695209026
0.149691089988
0.430765837431
0.250253230333
0.412266284227
0.625610291958
0.558079242706
0.586951851845
0.402073055506
0.805557012558
0.359878242016
0.359941720963
0.701724469662
0.335026204586
0.636595487595
0.271861791611
0.327896475792
0.461666703224
0.552015602589
0.550515115261
0.527297258377
0.388805240393
0.61435598135
0.513848006725
0.374043852091
0.503067374229
0.400825589895
0.620742976665
0.343618839979
0.377534896135
0.525493383408
0.232935220003
0.690494537354
0.460082918406
0.485020518303
0.557729005814
0.379503786564
0.237184271216
0.738981068134
0.378882855177
0.378332823515
0.529195785522
0.425843417645
0.594551861286
0.538081228733
0.497419655323
0.482599496841
0.114068992436
0.521164417267
0.27210098505
0.397773861885
0.539628207684
0.557588219643
0.594889461994
0.456013172865
0.855761885643
0.322558134794
0.327412515879
0.767317175865
0.322831243277
0.598106384277
0.354835659266
0.329008668661
0.480768799782
0.601425945759
0.580820202827
0.513851761818
0.382734328508
0.597247600555
0.495746850967
0.395965486765
0.542360424995
0.372837096453
0.671913444996
0.462166666985
0.356533199549
0.540609419346
0.300568223
0.635673999786
0.490314602852
0.430291295052
0.571739673615
0.385584384203
0.251858115196
0.700364172459
0.356995135546
0.402477532625
0.55315977335
0.48179230094
0.576929926872
0.512453854084
0.499176293612
0.623555719852
0.141408145428
0.478739768267
0.291015595198
0.430537521839
0.581333100796
0.544326543808
0.575451076031
0.392180562019
0.852625727654
0.331717073917
0.300348997116
0.671258866787
0.300402283669
0.539565682411
0.320844382048
0.31208306551
0.483350664377
0.55209004879
0.576023817062
0.543572902679
0.395922750235
0.70395308733
0.503894746304
0.353609770536
0.494187235832
0.464175194502
0.616252779961
0.356062233448
0.433972388506
0.591181814671
0.278412431479
0.7552536726
0.431559801102
0.453662365675
0.573659360409
0.371420621872
